0 0.056332 0.622857 0.038082 0.037954
0 0.055484 0.504901 0.029390 0.029782
0 0.395085 1.000000 0.305680 0.228489
0 0.132904 0.321764 0.015995 0.016668
0 0.884900 0.654119 0.014441 0.015106
0 0.374492 0.667908 0.017585 0.020890
0 0.064821 0.344681 0.018255 0.017518
0 0.553125 0.782268 0.014967 0.011954
0 0.636838 0.826731 0.065921 0.065741
0 0.554123 0.341395 0.014701 0.011744
0 0.518520 0.356086 0.021873 0.017030
0 0.933510 0.685138 0.014339 0.015268
0 0.009028 0.476120 0.026711 0.026163
0 0.913413 0.657919 0.044347 0.051505
0 0.113549 0.915826 0.097211 0.049701
0 0.852624 0.654785 0.032160 0.039716
0 0.173379 0.823422 0.011689 0.015855
0 0.059773 1.000000 0.146551 0.132312
0 1.000000 0.941399 0.028212 0.026249
0 0.127845 0.649264 0.027674 0.029938
0 0.145798 0.854572 0.067311 0.082821
0 0.550127 0.204368 0.042059 0.061279
0 0.418800 0.702908 0.078717 0.042367
0 0.091435 0.297001 0.044789 0.037465
0 0.528910 0.334183 0.007153 0.002656
0 0.346223 0.672445 0.053509 0.040809
0 0.101597 0.536574 0.027805 0.036055
0 0.031325 0.491167 0.027730 0.028226
0 0.084799 0.955161 0.091679 0.062805
0 0.597030 0.343770 0.007135 0.010290
0 0.591459 0.936773 0.533865 0.351732
0 0.251640 0.625760 0.053845 0.051970
0 0.187710 0.570553 0.020628 0.023502
0 0.347093 1.000000 0.293476 0.205535
0 0.127151 0.984615 0.017564 0.017984
0 0.847486 0.724422 0.049256 0.051161
0 0.079373 0.519786 0.029005 0.029423
0 0.170573 0.016843 0.024703 0.030853
0 0.564245 0.692907 0.053083 0.023190
0 0.154037 0.662878 0.029661 0.025521
0 0.737473 0.892312 0.157267 0.102322
0 0.417329 0.733398 0.098171 0.059503
0 0.302473 0.657785 0.040422 0.047849
0 0.093652 0.465206 0.028649 0.028511
0 0.586549 0.385962 0.005110 0.005540
0 0.081194 0.606617 0.020563 0.021373
0 0.617938 0.644279 0.034296 0.031604
0 0.276041 0.645705 0.043258 0.050282
0 0.000000 0.855623 0.208622 0.222270
0 0.056332 0.622857 0.038082 0.037954
0 0.055484 0.504901 0.029390 0.029782
0 0.395085 1.000000 0.305680 0.228489
0 0.132904 0.321764 0.015995 0.016668
0 0.884900 0.654119 0.014441 0.015106
0 0.374492 0.667908 0.017585 0.020890
0 0.064821 0.344681 0.018255 0.017518
0 0.553125 0.782268 0.014967 0.011954
0 0.636838 0.826731 0.065921 0.065741
0 0.554123 0.341395 0.014701 0.011744
0 0.518520 0.356086 0.021873 0.017030
0 0.933510 0.685138 0.014339 0.015268
0 0.009028 0.476120 0.026711 0.026163
0 0.913413 0.657919 0.044347 0.051505
0 0.113549 0.915826 0.097211 0.049701
0 0.852624 0.654785 0.032160 0.039716
0 0.173379 0.823422 0.011689 0.015855
0 0.059773 1.000000 0.146551 0.132312
0 1.000000 0.941399 0.028212 0.026249
0 0.127845 0.649264 0.027674 0.029938
0 0.145798 0.854572 0.067311 0.082821
0 0.550127 0.204368 0.042059 0.061279
0 0.418800 0.702908 0.078717 0.042367
0 0.091435 0.297001 0.044789 0.037465
0 0.528910 0.334183 0.007153 0.002656
0 0.346223 0.672445 0.053509 0.040809
0 0.101597 0.536574 0.027805 0.036055
0 0.031325 0.491167 0.027730 0.028226
0 0.084799 0.955161 0.091679 0.062805
0 0.597030 0.343770 0.007135 0.010290
0 0.591459 0.936773 0.533865 0.351732
0 0.251640 0.625760 0.053845 0.051970
0 0.187710 0.570553 0.020628 0.023502
0 0.347093 1.000000 0.293476 0.205535
0 0.127151 0.984615 0.017564 0.017984
0 0.847486 0.724422 0.049256 0.051161
0 0.079373 0.519786 0.029005 0.029423
0 0.170573 0.016843 0.024703 0.030853
0 0.564245 0.692907 0.053083 0.023190
0 0.154037 0.662878 0.029661 0.025521
0 0.737473 0.892312 0.157267 0.102322
0 0.417329 0.733398 0.098171 0.059503
0 0.302473 0.657785 0.040422 0.047849
0 0.093652 0.465206 0.028649 0.028511
0 0.586549 0.385962 0.005110 0.005540
0 0.081194 0.606617 0.020563 0.021373
0 0.617938 0.644279 0.034296 0.031604
0 0.276041 0.645705 0.043258 0.050282
0 0.000000 0.855623 0.208622 0.222270
0 0.056332 0.622857 0.038082 0.037954
0 0.055484 0.504901 0.029390 0.029782
0 0.395085 1.000000 0.305680 0.228489
0 0.132904 0.321764 0.015995 0.016668
0 0.884900 0.654119 0.014441 0.015106
0 0.374492 0.667908 0.017585 0.020890
0 0.064821 0.344681 0.018255 0.017518
0 0.553125 0.782268 0.014967 0.011954
0 0.636838 0.826731 0.065921 0.065741
0 0.554123 0.341395 0.014701 0.011744
0 0.518520 0.356086 0.021873 0.017030
0 0.933510 0.685138 0.014339 0.015268
0 0.009028 0.476120 0.026711 0.026163
0 0.913413 0.657919 0.044347 0.051505
0 0.113549 0.915826 0.097211 0.049701
0 0.852624 0.654785 0.032160 0.039716
0 0.173379 0.823422 0.011689 0.015855
0 0.059773 1.000000 0.146551 0.132312
0 1.000000 0.941399 0.028212 0.026249
0 0.127845 0.649264 0.027674 0.029938
0 0.145798 0.854572 0.067311 0.082821
0 0.550127 0.204368 0.042059 0.061279
0 0.418800 0.702908 0.078717 0.042367
0 0.091435 0.297001 0.044789 0.037465
0 0.528910 0.334183 0.007153 0.002656
0 0.346223 0.672445 0.053509 0.040809
0 0.101597 0.536574 0.027805 0.036055
0 0.031325 0.491167 0.027730 0.028226
0 0.084799 0.955161 0.091679 0.062805
0 0.597030 0.343770 0.007135 0.010290
0 0.591459 0.936773 0.533865 0.351732
0 0.251640 0.625760 0.053845 0.051970
0 0.187710 0.570553 0.020628 0.023502
0 0.347093 1.000000 0.293476 0.205535
0 0.127151 0.984615 0.017564 0.017984
0 0.847486 0.724422 0.049256 0.051161
0 0.079373 0.519786 0.029005 0.029423
0 0.170573 0.016843 0.024703 0.030853
0 0.564245 0.692907 0.053083 0.023190
0 0.154037 0.662878 0.029661 0.025521
0 0.737473 0.892312 0.157267 0.102322
0 0.417329 0.733398 0.098171 0.059503
0 0.302473 0.657785 0.040422 0.047849
0 0.093652 0.465206 0.028649 0.028511
0 0.586549 0.385962 0.005110 0.005540
0 0.081194 0.606617 0.020563 0.021373
0 0.617938 0.644279 0.034296 0.031604
0 0.276041 0.645705 0.043258 0.050282
0 0.000000 0.855623 0.208622 0.222270