0 0.698569 0.087549 0.033689 0.024149
0 0.888740 0.048492 0.031495 0.028022
0 0.702899 0.131399 0.051406 0.043470
0 0.616437 0.130240 0.040275 0.056103
0 0.698569 0.087549 0.033689 0.024149
0 0.888740 0.048492 0.031495 0.028022
0 0.702899 0.131399 0.051406 0.043470
0 0.616437 0.130240 0.040275 0.056103
0 0.698569 0.087549 0.033689 0.024149
0 0.888740 0.048492 0.031495 0.028022
0 0.702899 0.131399 0.051406 0.043470
0 0.616437 0.130240 0.040275 0.056103
0 0.711491 0.788673 0.053396 0.116480
0 0.694201 0.697580 0.038768 0.038727
0 0.448029 0.277137 0.031228 0.019885
0 0.396443 0.050980 0.033131 0.058210
0 0.130514 0.408965 0.075216 0.055460
0 0.641515 0.801803 0.053562 0.115889
0 0.511587 0.355551 0.016523 0.030337
0 0.855728 0.350897 0.017454 0.010627
0 0.247550 0.587599 0.083632 0.071252
0 0.521968 0.161725 0.058425 0.027972
0 0.698569 0.087549 0.033689 0.024149
0 0.523495 0.990965 0.021274 0.025250
0 0.536662 0.831118 0.007641 0.007379
0 0.385097 0.656314 0.094071 0.156613
0 0.586106 0.315257 0.018958 0.044304
0 0.878397 0.319192 0.012416 0.009393
0 0.513620 0.784270 0.045207 0.131342
0 0.764970 0.555351 0.025412 0.020181
0 0.129017 0.238454 0.075037 0.073761
0 0.584842 0.917961 0.056891 0.031443
0 0.575240 0.764284 0.040659 0.048633
0 0.845747 0.992122 0.032347 0.032544
0 0.864232 0.260786 0.030142 0.030184
0 0.518113 0.262774 0.058335 0.023093
0 0.393453 0.799357 0.037591 0.082030
0 0.186246 0.934252 0.017412 0.042709
0 0.487193 0.812185 0.045162 0.179127
0 0.996892 0.288902 0.030917 0.026815
0 0.526664 0.228842 0.044365 0.019824
0 0.000000 0.080133 0.228733 0.151982
0 0.890837 0.350672 0.024380 0.028771
0 0.656912 0.455659 0.024819 0.058787
0 0.137890 0.511387 0.051568 0.035026
0 0.381053 0.523319 0.050935 0.071019
0 0.899394 0.328035 0.023910 0.022252
0 0.525862 0.876668 0.018470 0.039693
0 0.521621 0.202808 0.044955 0.018474
0 0.497523 0.131819 0.008691 0.022005
0 0.813965 0.441776 0.030653 0.023885
0 0.353336 0.018861 0.059231 0.087680
0 0.836799 0.378323 0.010540 0.014032
0 0.931019 0.860438 0.025832 0.024610
0 0.000000 0.319074 0.034974 0.015823
0 0.574212 0.256584 0.019383 0.044442
0 0.226664 0.291836 0.082416 0.153672
0 0.062173 0.079900 0.046341 0.105913
0 0.302713 0.332670 0.034009 0.069840
0 0.852994 0.443168 0.006285 0.007334
0 0.283286 0.241991 0.037472 0.086177
0 0.573982 0.168206 0.024167 0.019718
0 0.562840 0.481750 0.019040 0.044484
0 0.888740 0.048492 0.031495 0.028022
0 0.227983 0.450108 0.066313 0.154391
0 0.061200 0.243083 0.045720 0.048654
0 0.826359 0.336215 0.023119 0.028987
0 0.083739 0.426366 0.033202 0.046476
0 0.606521 0.990039 0.021322 0.018932
0 0.387040 0.159231 0.037689 0.073716
0 0.805565 0.987839 0.017677 0.020140
0 0.310112 0.977675 0.018028 0.018947
0 0.036913 0.310698 0.031589 0.042874
0 0.541026 0.359217 0.093677 0.163995
0 0.432689 0.000000 0.076629 0.079743
0 0.121948 0.371522 0.031521 0.028911
0 0.100599 0.212440 0.032108 0.037330
0 0.141957 0.332371 0.025519 0.025859
0 0.444991 0.109704 0.023038 0.044408
0 0.065808 0.195882 0.023724 0.020509
0 0.579428 0.839924 0.033896 0.078247
0 0.211020 0.101995 0.008936 0.026826
0 0.452615 0.302689 0.031228 0.019885
0 0.318333 0.156775 0.030223 0.033251
0 0.917069 0.357862 0.021505 0.023400
0 0.458076 0.211966 0.052581 0.087511
0 0.357893 0.342324 0.018639 0.028314
0 0.652158 0.542450 0.065676 0.060541
0 0.590816 0.476189 0.019354 0.044757
0 0.331868 0.234560 0.038914 0.080986
0 0.851880 0.555750 0.011920 0.018091
0 0.217094 0.062932 0.039802 0.049373
0 0.672676 0.963671 0.038329 0.037446
0 0.416243 0.214744 0.028906 0.088968
0 0.644050 0.388361 0.027314 0.059941
0 0.800417 0.460500 0.022856 0.010795
0 0.747608 0.748061 0.013695 0.015496
0 0.483134 0.226128 0.019892 0.043893
0 0.869282 0.931837 0.038631 0.041753
0 0.599177 0.192596 0.019500 0.024059
0 0.466226 0.133882 0.022639 0.043349
0 0.597878 0.372691 0.018368 0.044113
0 0.516182 0.940645 0.029769 0.039454
0 0.417022 0.308969 0.031228 0.019885
0 0.659010 0.893823 0.038081 0.037157
0 0.463185 0.433022 0.108105 0.189025
0 0.055852 0.287136 0.015752 0.013062
0 0.833470 0.563249 0.021502 0.019059
0 0.857709 0.393401 0.019267 0.024274
0 0.409035 0.883705 0.028113 0.053884
0 0.630722 0.320724 0.023641 0.058224
0 0.568818 0.200829 0.024309 0.023700
0 0.872592 1.000000 0.009214 0.008955
0 0.366523 0.089397 0.047106 0.060753
0 0.802656 0.483710 0.025329 0.027144
0 0.425602 0.088582 0.021106 0.043899
0 0.152137 0.356592 0.015049 0.018634
0 0.537901 0.485891 0.018738 0.044167
0 0.550975 0.421689 0.020449 0.046875
0 0.814201 0.530089 0.010001 0.012350
0 0.523984 0.417594 0.023890 0.066362
0 0.412191 0.282894 0.031228 0.019885
0 0.341695 0.423839 0.074000 0.100724
0 0.119663 0.477140 0.118843 0.034435
0 0.728849 0.879772 0.038164 0.037942
0 0.145826 0.065083 0.107698 0.215843
0 0.182390 0.182387 0.027509 0.013556
0 0.607097 0.574802 0.032925 0.034943
0 0.600811 0.262095 0.018969 0.066479
0 0.481462 0.041334 0.026265 0.038706
0 0.835139 0.439322 0.007053 0.007174
0 0.000000 0.043103 0.054721 0.100840
0 0.292610 0.102676 0.069291 0.145378
0 0.702899 0.131399 0.051406 0.043470
0 0.616437 0.130240 0.040275 0.056103
0 0.887832 0.470601 0.018775 0.031022
0 0.624169 0.711089 0.037287 0.037655
0 0.608800 0.430262 0.018573 0.044249
0 0.393816 0.236662 0.023930 0.058573
0 0.426656 0.969586 0.034104 0.077517
0 0.670472 0.625952 0.060079 0.065073
0 0.932449 0.308272 0.026254 0.030206
0 0.798814 0.581547 0.023621 0.029547
0 0.273067 0.460223 0.063932 0.193621
0 0.771226 0.587853 0.031080 0.022210
0 0.546315 1.000000 0.029543 0.025510
0 0.895826 0.968175 0.033325 0.032315
0 1.000000 0.897183 0.012445 0.018129
0 0.711491 0.788673 0.053396 0.116480
0 0.694201 0.697580 0.038768 0.038727
0 0.448029 0.277137 0.031228 0.019885
0 0.396443 0.050980 0.033131 0.058210
0 0.130514 0.408965 0.075216 0.055460
0 0.641515 0.801803 0.053562 0.115889
0 0.511587 0.355551 0.016523 0.030337
0 0.855728 0.350897 0.017454 0.010627
0 0.247550 0.587599 0.083632 0.071252
0 0.521968 0.161725 0.058425 0.027972
0 0.698569 0.087549 0.033689 0.024149
0 0.523495 0.990965 0.021274 0.025250
0 0.536662 0.831118 0.007641 0.007379
0 0.385097 0.656314 0.094071 0.156613
0 0.586106 0.315257 0.018958 0.044304
0 0.878397 0.319192 0.012416 0.009393
0 0.513620 0.784270 0.045207 0.131342
0 0.764970 0.555351 0.025412 0.020181
0 0.129017 0.238454 0.075037 0.073761
0 0.584842 0.917961 0.056891 0.031443
0 0.575240 0.764284 0.040659 0.048633
0 0.845747 0.992122 0.032347 0.032544
0 0.864232 0.260786 0.030142 0.030184
0 0.518113 0.262774 0.058335 0.023093
0 0.393453 0.799357 0.037591 0.082030
0 0.186246 0.934252 0.017412 0.042709
0 0.487193 0.812185 0.045162 0.179127
0 0.996892 0.288902 0.030917 0.026815
0 0.526664 0.228842 0.044365 0.019824
0 0.000000 0.080133 0.228733 0.151982
0 0.890837 0.350672 0.024380 0.028771
0 0.656912 0.455659 0.024819 0.058787
0 0.137890 0.511387 0.051568 0.035026
0 0.381053 0.523319 0.050935 0.071019
0 0.899394 0.328035 0.023910 0.022252
0 0.525862 0.876668 0.018470 0.039693
0 0.521621 0.202808 0.044955 0.018474
0 0.497523 0.131819 0.008691 0.022005
0 0.813965 0.441776 0.030653 0.023885
0 0.353336 0.018861 0.059231 0.087680
0 0.836799 0.378323 0.010540 0.014032
0 0.931019 0.860438 0.025832 0.024610
0 0.000000 0.319074 0.034974 0.015823
0 0.574212 0.256584 0.019383 0.044442
0 0.226664 0.291836 0.082416 0.153672
0 0.062173 0.079900 0.046341 0.105913
0 0.302713 0.332670 0.034009 0.069840
0 0.852994 0.443168 0.006285 0.007334
0 0.283286 0.241991 0.037472 0.086177
0 0.573982 0.168206 0.024167 0.019718
0 0.562840 0.481750 0.019040 0.044484
0 0.888740 0.048492 0.031495 0.028022
0 0.227983 0.450108 0.066313 0.154391
0 0.061200 0.243083 0.045720 0.048654
0 0.826359 0.336215 0.023119 0.028987
0 0.083739 0.426366 0.033202 0.046476
0 0.606521 0.990039 0.021322 0.018932
0 0.387040 0.159231 0.037689 0.073716
0 0.805565 0.987839 0.017677 0.020140
0 0.310112 0.977675 0.018028 0.018947
0 0.036913 0.310698 0.031589 0.042874
0 0.541026 0.359217 0.093677 0.163995
0 0.432689 0.000000 0.076629 0.079743
0 0.121948 0.371522 0.031521 0.028911
0 0.100599 0.212440 0.032108 0.037330
0 0.141957 0.332371 0.025519 0.025859
0 0.444991 0.109704 0.023038 0.044408
0 0.065808 0.195882 0.023724 0.020509
0 0.579428 0.839924 0.033896 0.078247
0 0.211020 0.101995 0.008936 0.026826
0 0.452615 0.302689 0.031228 0.019885
0 0.318333 0.156775 0.030223 0.033251
0 0.917069 0.357862 0.021505 0.023400
0 0.458076 0.211966 0.052581 0.087511
0 0.357893 0.342324 0.018639 0.028314
0 0.652158 0.542450 0.065676 0.060541
0 0.590816 0.476189 0.019354 0.044757
0 0.331868 0.234560 0.038914 0.080986
0 0.851880 0.555750 0.011920 0.018091
0 0.217094 0.062932 0.039802 0.049373
0 0.672676 0.963671 0.038329 0.037446
0 0.416243 0.214744 0.028906 0.088968
0 0.644050 0.388361 0.027314 0.059941
0 0.800417 0.460500 0.022856 0.010795
0 0.747608 0.748061 0.013695 0.015496
0 0.483134 0.226128 0.019892 0.043893
0 0.869282 0.931837 0.038631 0.041753
0 0.599177 0.192596 0.019500 0.024059
0 0.466226 0.133882 0.022639 0.043349
0 0.597878 0.372691 0.018368 0.044113
0 0.516182 0.940645 0.029769 0.039454
0 0.417022 0.308969 0.031228 0.019885
0 0.659010 0.893823 0.038081 0.037157
0 0.463185 0.433022 0.108105 0.189025
0 0.055852 0.287136 0.015752 0.013062
0 0.833470 0.563249 0.021502 0.019059
0 0.857709 0.393401 0.019267 0.024274
0 0.409035 0.883705 0.028113 0.053884
0 0.630722 0.320724 0.023641 0.058224
0 0.568818 0.200829 0.024309 0.023700
0 0.872592 1.000000 0.009214 0.008955
0 0.366523 0.089397 0.047106 0.060753
0 0.802656 0.483710 0.025329 0.027144
0 0.425602 0.088582 0.021106 0.043899
0 0.152137 0.356592 0.015049 0.018634
0 0.537901 0.485891 0.018738 0.044167
0 0.550975 0.421689 0.020449 0.046875
0 0.814201 0.530089 0.010001 0.012350
0 0.523984 0.417594 0.023890 0.066362
0 0.412191 0.282894 0.031228 0.019885
0 0.341695 0.423839 0.074000 0.100724
0 0.119663 0.477140 0.118843 0.034435
0 0.728849 0.879772 0.038164 0.037942
0 0.145826 0.065083 0.107698 0.215843
0 0.182390 0.182387 0.027509 0.013556
0 0.607097 0.574802 0.032925 0.034943
0 0.600811 0.262095 0.018969 0.066479
0 0.481462 0.041334 0.026265 0.038706
0 0.835139 0.439322 0.007053 0.007174
0 0.000000 0.043103 0.054721 0.100840
0 0.292610 0.102676 0.069291 0.145378
0 0.702899 0.131399 0.051406 0.043470
0 0.616437 0.130240 0.040275 0.056103
0 0.887832 0.470601 0.018775 0.031022
0 0.624169 0.711089 0.037287 0.037655
0 0.608800 0.430262 0.018573 0.044249
0 0.393816 0.236662 0.023930 0.058573
0 0.426656 0.969586 0.034104 0.077517
0 0.670472 0.625952 0.060079 0.065073
0 0.932449 0.308272 0.026254 0.030206
0 0.798814 0.581547 0.023621 0.029547
0 0.273067 0.460223 0.063932 0.193621
0 0.771226 0.587853 0.031080 0.022210
0 0.546315 1.000000 0.029543 0.025510
0 0.895826 0.968175 0.033325 0.032315
0 1.000000 0.897183 0.012445 0.018129
0 0.711491 0.788673 0.053396 0.116480
0 0.694201 0.697580 0.038768 0.038727
0 0.448029 0.277137 0.031228 0.019885
0 0.396443 0.050980 0.033131 0.058210
0 0.130514 0.408965 0.075216 0.055460
0 0.641515 0.801803 0.053562 0.115889
0 0.511587 0.355551 0.016523 0.030337
0 0.855728 0.350897 0.017454 0.010627
0 0.247550 0.587599 0.083632 0.071252
0 0.521968 0.161725 0.058425 0.027972
0 0.698569 0.087549 0.033689 0.024149
0 0.523495 0.990965 0.021274 0.025250
0 0.536662 0.831118 0.007641 0.007379
0 0.385097 0.656314 0.094071 0.156613
0 0.586106 0.315257 0.018958 0.044304
0 0.878397 0.319192 0.012416 0.009393
0 0.513620 0.784270 0.045207 0.131342
0 0.764970 0.555351 0.025412 0.020181
0 0.129017 0.238454 0.075037 0.073761
0 0.584842 0.917961 0.056891 0.031443
0 0.575240 0.764284 0.040659 0.048633
0 0.845747 0.992122 0.032347 0.032544
0 0.864232 0.260786 0.030142 0.030184
0 0.518113 0.262774 0.058335 0.023093
0 0.393453 0.799357 0.037591 0.082030
0 0.186246 0.934252 0.017412 0.042709
0 0.487193 0.812185 0.045162 0.179127
0 0.996892 0.288902 0.030917 0.026815
0 0.526664 0.228842 0.044365 0.019824
0 0.000000 0.080133 0.228733 0.151982
0 0.890837 0.350672 0.024380 0.028771
0 0.656912 0.455659 0.024819 0.058787
0 0.137890 0.511387 0.051568 0.035026
0 0.381053 0.523319 0.050935 0.071019
0 0.899394 0.328035 0.023910 0.022252
0 0.525862 0.876668 0.018470 0.039693
0 0.521621 0.202808 0.044955 0.018474
0 0.497523 0.131819 0.008691 0.022005
0 0.813965 0.441776 0.030653 0.023885
0 0.353336 0.018861 0.059231 0.087680
0 0.836799 0.378323 0.010540 0.014032
0 0.931019 0.860438 0.025832 0.024610
0 0.000000 0.319074 0.034974 0.015823
0 0.574212 0.256584 0.019383 0.044442
0 0.226664 0.291836 0.082416 0.153672
0 0.062173 0.079900 0.046341 0.105913
0 0.302713 0.332670 0.034009 0.069840
0 0.852994 0.443168 0.006285 0.007334
0 0.283286 0.241991 0.037472 0.086177
0 0.573982 0.168206 0.024167 0.019718
0 0.562840 0.481750 0.019040 0.044484
0 0.888740 0.048492 0.031495 0.028022
0 0.227983 0.450108 0.066313 0.154391
0 0.061200 0.243083 0.045720 0.048654
0 0.826359 0.336215 0.023119 0.028987
0 0.083739 0.426366 0.033202 0.046476
0 0.606521 0.990039 0.021322 0.018932
0 0.387040 0.159231 0.037689 0.073716
0 0.805565 0.987839 0.017677 0.020140
0 0.310112 0.977675 0.018028 0.018947
0 0.036913 0.310698 0.031589 0.042874
0 0.541026 0.359217 0.093677 0.163995
0 0.432689 0.000000 0.076629 0.079743
0 0.121948 0.371522 0.031521 0.028911
0 0.100599 0.212440 0.032108 0.037330
0 0.141957 0.332371 0.025519 0.025859
0 0.444991 0.109704 0.023038 0.044408
0 0.065808 0.195882 0.023724 0.020509
0 0.579428 0.839924 0.033896 0.078247
0 0.211020 0.101995 0.008936 0.026826
0 0.452615 0.302689 0.031228 0.019885
0 0.318333 0.156775 0.030223 0.033251
0 0.917069 0.357862 0.021505 0.023400
0 0.458076 0.211966 0.052581 0.087511
0 0.357893 0.342324 0.018639 0.028314
0 0.652158 0.542450 0.065676 0.060541
0 0.590816 0.476189 0.019354 0.044757
0 0.331868 0.234560 0.038914 0.080986
0 0.851880 0.555750 0.011920 0.018091
0 0.217094 0.062932 0.039802 0.049373
0 0.672676 0.963671 0.038329 0.037446
0 0.416243 0.214744 0.028906 0.088968
0 0.644050 0.388361 0.027314 0.059941
0 0.800417 0.460500 0.022856 0.010795
0 0.747608 0.748061 0.013695 0.015496
0 0.483134 0.226128 0.019892 0.043893
0 0.869282 0.931837 0.038631 0.041753
0 0.599177 0.192596 0.019500 0.024059
0 0.466226 0.133882 0.022639 0.043349
0 0.597878 0.372691 0.018368 0.044113
0 0.516182 0.940645 0.029769 0.039454
0 0.417022 0.308969 0.031228 0.019885
0 0.659010 0.893823 0.038081 0.037157
0 0.463185 0.433022 0.108105 0.189025
0 0.055852 0.287136 0.015752 0.013062
0 0.833470 0.563249 0.021502 0.019059
0 0.857709 0.393401 0.019267 0.024274
0 0.409035 0.883705 0.028113 0.053884
0 0.630722 0.320724 0.023641 0.058224
0 0.568818 0.200829 0.024309 0.023700
0 0.872592 1.000000 0.009214 0.008955
0 0.366523 0.089397 0.047106 0.060753
0 0.802656 0.483710 0.025329 0.027144
0 0.425602 0.088582 0.021106 0.043899
0 0.152137 0.356592 0.015049 0.018634
0 0.537901 0.485891 0.018738 0.044167
0 0.550975 0.421689 0.020449 0.046875
0 0.814201 0.530089 0.010001 0.012350
0 0.523984 0.417594 0.023890 0.066362
0 0.412191 0.282894 0.031228 0.019885
0 0.341695 0.423839 0.074000 0.100724
0 0.119663 0.477140 0.118843 0.034435
0 0.728849 0.879772 0.038164 0.037942
0 0.145826 0.065083 0.107698 0.215843
0 0.182390 0.182387 0.027509 0.013556
0 0.607097 0.574802 0.032925 0.034943
0 0.600811 0.262095 0.018969 0.066479
0 0.481462 0.041334 0.026265 0.038706
0 0.835139 0.439322 0.007053 0.007174
0 0.000000 0.043103 0.054721 0.100840
0 0.292610 0.102676 0.069291 0.145378
0 0.702899 0.131399 0.051406 0.043470
0 0.616437 0.130240 0.040275 0.056103
0 0.887832 0.470601 0.018775 0.031022
0 0.624169 0.711089 0.037287 0.037655
0 0.608800 0.430262 0.018573 0.044249
0 0.393816 0.236662 0.023930 0.058573
0 0.426656 0.969586 0.034104 0.077517
0 0.670472 0.625952 0.060079 0.065073
0 0.932449 0.308272 0.026254 0.030206
0 0.798814 0.581547 0.023621 0.029547
0 0.273067 0.460223 0.063932 0.193621
0 0.771226 0.587853 0.031080 0.022210
0 0.546315 1.000000 0.029543 0.025510
0 0.895826 0.968175 0.033325 0.032315
0 1.000000 0.897183 0.012445 0.018129
0 0.523495 0.990965 0.021274 0.025250
0 0.584842 0.917961 0.056891 0.031443
0 0.845747 0.992122 0.032347 0.032544
0 0.186246 0.934252 0.017412 0.042709
0 0.487193 0.812185 0.045162 0.179127
0 0.525862 0.876668 0.018470 0.039693
0 0.606521 0.990039 0.021322 0.018932
0 0.805565 0.987839 0.017677 0.020140
0 0.310112 0.977675 0.018028 0.018947
0 0.672676 0.963671 0.038329 0.037446
0 0.869282 0.931837 0.038631 0.041753
0 0.516182 0.940645 0.029769 0.039454
0 0.659010 0.893823 0.038081 0.037157
0 0.409035 0.883705 0.028113 0.053884
0 0.872592 1.000000 0.009214 0.008955
0 0.728849 0.879772 0.038164 0.037942
0 0.426656 0.969586 0.034104 0.077517
0 0.546315 1.000000 0.029543 0.025510
0 0.895826 0.968175 0.033325 0.032315
0 0.523495 0.990965 0.021274 0.025250
0 0.584842 0.917961 0.056891 0.031443
0 0.845747 0.992122 0.032347 0.032544
0 0.186246 0.934252 0.017412 0.042709
0 0.487193 0.812185 0.045162 0.179127
0 0.525862 0.876668 0.018470 0.039693
0 0.606521 0.990039 0.021322 0.018932
0 0.805565 0.987839 0.017677 0.020140
0 0.310112 0.977675 0.018028 0.018947
0 0.672676 0.963671 0.038329 0.037446
0 0.869282 0.931837 0.038631 0.041753
0 0.516182 0.940645 0.029769 0.039454
0 0.659010 0.893823 0.038081 0.037157
0 0.409035 0.883705 0.028113 0.053884
0 0.872592 1.000000 0.009214 0.008955
0 0.728849 0.879772 0.038164 0.037942
0 0.426656 0.969586 0.034104 0.077517
0 0.546315 1.000000 0.029543 0.025510
0 0.895826 0.968175 0.033325 0.032315
0 0.523495 0.990965 0.021274 0.025250
0 0.584842 0.917961 0.056891 0.031443
0 0.845747 0.992122 0.032347 0.032544
0 0.186246 0.934252 0.017412 0.042709
0 0.487193 0.812185 0.045162 0.179127
0 0.525862 0.876668 0.018470 0.039693
0 0.606521 0.990039 0.021322 0.018932
0 0.805565 0.987839 0.017677 0.020140
0 0.310112 0.977675 0.018028 0.018947
0 0.672676 0.963671 0.038329 0.037446
0 0.869282 0.931837 0.038631 0.041753
0 0.516182 0.940645 0.029769 0.039454
0 0.659010 0.893823 0.038081 0.037157
0 0.409035 0.883705 0.028113 0.053884
0 0.872592 1.000000 0.009214 0.008955
0 0.728849 0.879772 0.038164 0.037942
0 0.426656 0.969586 0.034104 0.077517
0 0.546315 1.000000 0.029543 0.025510
0 0.895826 0.968175 0.033325 0.032315