0 0.023405 0.271768 0.019045 0.019776
0 0.341239 0.088478 0.031607 0.031196
0 0.238389 0.442949 0.318039 0.287252
0 0.171181 0.304970 0.047563 0.091057
0 0.827673 0.431739 0.081096 0.085711
0 0.194062 0.451723 0.103022 0.064387
0 1.000000 0.639160 0.059845 0.055346
0 0.934010 0.973134 0.027327 0.024691
0 0.246073 0.494425 0.041741 0.037418
0 0.023420 0.000000 0.044676 0.043670
0 0.004596 0.185706 0.046078 0.080735
0 0.500510 0.413200 0.174453 0.124223
0 0.413726 0.935409 0.030148 0.046577
0 1.000000 0.457179 0.333569 0.404604
0 0.383083 0.924997 0.037066 0.065475
0 0.922366 0.928836 0.036547 0.032192
0 0.515643 0.327187 0.104099 0.048956
0 0.422481 0.939933 0.018508 0.017871
0 0.891343 0.548272 0.200864 0.165240
0 0.941881 0.910244 0.040440 0.032632
0 0.000000 0.039278 0.084564 0.087110
0 0.928643 0.000000 0.086455 0.168175
0 0.001365 0.962103 0.153424 0.183151
0 0.816812 0.666753 0.089810 0.063508
0 0.264812 0.073661 0.129830 0.207728
0 0.417522 0.318335 0.024512 0.026271
0 0.390827 0.177733 0.174689 0.142574
0 0.859540 0.923606 0.041383 0.039969
0 0.950410 0.984026 0.012380 0.015474
0 0.433070 0.438225 0.026907 0.043328
0 0.407308 0.862037 0.031211 0.016695
0 0.216347 0.393594 0.091334 0.048408
0 0.503653 0.363911 0.105289 0.048066
0 0.260195 0.260083 0.118167 0.058699
0 0.598209 0.019939 0.563438 0.690157
0 0.503536 0.244798 0.051139 0.056972
0 0.164722 0.000000 0.106194 0.132272
0 0.091271 0.049401 0.135619 0.112725
0 0.023405 0.271768 0.019045 0.019776
0 0.341239 0.088478 0.031607 0.031196
0 0.238389 0.442949 0.318039 0.287252
0 0.171181 0.304970 0.047563 0.091057
0 0.827673 0.431739 0.081096 0.085711
0 0.194062 0.451723 0.103022 0.064387
0 1.000000 0.639160 0.059845 0.055346
0 0.934010 0.973134 0.027327 0.024691
0 0.246073 0.494425 0.041741 0.037418
0 0.023420 0.000000 0.044676 0.043670
0 0.004596 0.185706 0.046078 0.080735
0 0.500510 0.413200 0.174453 0.124223
0 0.413726 0.935409 0.030148 0.046577
0 1.000000 0.457179 0.333569 0.404604
0 0.383083 0.924997 0.037066 0.065475
0 0.922366 0.928836 0.036547 0.032192
0 0.515643 0.327187 0.104099 0.048956
0 0.422481 0.939933 0.018508 0.017871
0 0.891343 0.548272 0.200864 0.165240
0 0.941881 0.910244 0.040440 0.032632
0 0.000000 0.039278 0.084564 0.087110
0 0.928643 0.000000 0.086455 0.168175
0 0.001365 0.962103 0.153424 0.183151
0 0.816812 0.666753 0.089810 0.063508
0 0.264812 0.073661 0.129830 0.207728
0 0.417522 0.318335 0.024512 0.026271
0 0.390827 0.177733 0.174689 0.142574
0 0.859540 0.923606 0.041383 0.039969
0 0.950410 0.984026 0.012380 0.015474
0 0.433070 0.438225 0.026907 0.043328
0 0.407308 0.862037 0.031211 0.016695
0 0.216347 0.393594 0.091334 0.048408
0 0.503653 0.363911 0.105289 0.048066
0 0.260195 0.260083 0.118167 0.058699
0 0.598209 0.019939 0.563438 0.690157
0 0.503536 0.244798 0.051139 0.056972
0 0.164722 0.000000 0.106194 0.132272
0 0.091271 0.049401 0.135619 0.112725
0 0.001365 0.962103 0.153424 0.183151
0 0.001365 0.962103 0.153424 0.183151