0 0.833937 0.167872 0.153424 0.183151
0 0.833937 0.167872 0.153424 0.183151
0 0.352998 0.669414 0.595814 0.401606
0 0.149426 0.352251 0.012770 0.014715
0 0.112425 0.937033 0.033689 0.024149
0 0.570273 0.290439 0.151937 0.047153
0 0.807710 0.727105 0.134979 0.175608
0 0.610328 0.555265 0.028601 0.020210
0 0.731393 0.104039 0.033584 0.061076
0 0.692107 0.099804 0.031944 0.060118
0 0.521012 0.094593 0.070335 0.049070
0 0.000000 0.603863 0.052170 0.068551
0 0.156804 0.078309 0.020458 0.023253
0 0.617333 0.092077 0.073521 0.054243
0 0.468099 0.513715 0.023945 0.018060
0 0.201519 0.379169 0.033180 0.025647
0 0.166462 0.362032 0.026375 0.024926
0 0.830906 1.000000 0.496449 0.388751
0 0.335798 0.228402 0.308145 0.184536
0 0.141990 0.345303 0.011114 0.011667
0 0.608251 0.183560 0.064559 0.130844
0 0.302596 0.897976 0.031495 0.028022
0 0.893721 0.964999 0.046524 0.038529
0 0.748226 0.408769 0.051591 0.056566
0 0.647066 0.627301 0.085801 0.061558
0 0.706721 0.212605 0.085499 0.109431
0 0.568804 0.581556 0.081460 0.054648
0 0.758119 0.622983 0.036119 0.050044
0 0.725891 0.798547 0.047736 0.061524
0 0.518006 0.178810 0.060739 0.112416
0 0.980284 0.526859 0.032229 0.029034
0 0.170578 0.049109 0.063594 0.037001
0 0.920093 0.994164 0.032180 0.030384
0 0.678386 0.379926 0.077339 0.059466
0 0.833937 0.167872 0.153424 0.183151
0 0.842206 0.468010 0.092938 0.089469
0 0.000000 0.317256 0.315554 0.331312
0 0.783830 0.223479 0.060033 0.106482
0 0.000000 0.771193 0.009607 0.009754
0 0.129617 0.337432 0.020515 0.019301
0 0.042939 0.731818 0.084464 0.074273
0 0.891847 1.000000 0.038984 0.027491
0 0.804217 0.870595 0.183014 0.167121
0 0.683662 0.317019 0.049909 0.045866
0 0.559877 0.353315 0.157715 0.077909
0 0.427206 0.134300 0.057007 0.112221
0 0.313760 0.119518 0.088685 0.057332
0 0.368004 0.057572 0.015655 0.015409
0 0.116755 0.980883 0.051406 0.043470
0 0.030293 0.979724 0.040275 0.056103
0 0.010432 0.677425 0.153420 0.138249
0 0.352998 0.669414 0.595814 0.401606
0 0.149426 0.352251 0.012770 0.014715
0 0.112425 0.937033 0.033689 0.024149
0 0.570273 0.290439 0.151937 0.047153
0 0.807710 0.727105 0.134979 0.175608
0 0.610328 0.555265 0.028601 0.020210
0 0.731393 0.104039 0.033584 0.061076
0 0.692107 0.099804 0.031944 0.060118
0 0.521012 0.094593 0.070335 0.049070
0 0.000000 0.603863 0.052170 0.068551
0 0.156804 0.078309 0.020458 0.023253
0 0.617333 0.092077 0.073521 0.054243
0 0.468099 0.513715 0.023945 0.018060
0 0.201519 0.379169 0.033180 0.025647
0 0.166462 0.362032 0.026375 0.024926
0 0.830906 1.000000 0.496449 0.388751
0 0.335798 0.228402 0.308145 0.184536
0 0.141990 0.345303 0.011114 0.011667
0 0.608251 0.183560 0.064559 0.130844
0 0.302596 0.897976 0.031495 0.028022
0 0.893721 0.964999 0.046524 0.038529
0 0.748226 0.408769 0.051591 0.056566
0 0.647066 0.627301 0.085801 0.061558
0 0.706721 0.212605 0.085499 0.109431
0 0.568804 0.581556 0.081460 0.054648
0 0.758119 0.622983 0.036119 0.050044
0 0.725891 0.798547 0.047736 0.061524
0 0.518006 0.178810 0.060739 0.112416
0 0.980284 0.526859 0.032229 0.029034
0 0.170578 0.049109 0.063594 0.037001
0 0.920093 0.994164 0.032180 0.030384
0 0.678386 0.379926 0.077339 0.059466
0 0.833937 0.167872 0.153424 0.183151
0 0.842206 0.468010 0.092938 0.089469
0 0.000000 0.317256 0.315554 0.331312
0 0.783830 0.223479 0.060033 0.106482
0 0.000000 0.771193 0.009607 0.009754
0 0.129617 0.337432 0.020515 0.019301
0 0.042939 0.731818 0.084464 0.074273
0 0.891847 1.000000 0.038984 0.027491
0 0.804217 0.870595 0.183014 0.167121
0 0.683662 0.317019 0.049909 0.045866
0 0.559877 0.353315 0.157715 0.077909
0 0.427206 0.134300 0.057007 0.112221
0 0.313760 0.119518 0.088685 0.057332
0 0.368004 0.057572 0.015655 0.015409
0 0.116755 0.980883 0.051406 0.043470
0 0.030293 0.979724 0.040275 0.056103
0 0.010432 0.677425 0.153420 0.138249
0 0.112425 0.937033 0.033689 0.024149
0 0.302596 0.897976 0.031495 0.028022
0 0.116755 0.980883 0.051406 0.043470
0 0.030293 0.979724 0.040275 0.056103
0 0.112425 0.937033 0.033689 0.024149
0 0.302596 0.897976 0.031495 0.028022
0 0.116755 0.980883 0.051406 0.043470
0 0.030293 0.979724 0.040275 0.056103