0 0.000000 0.606309 0.036413 0.036700
0 0.233221 0.458088 0.060945 0.058792
0 0.211537 0.515273 0.028797 0.016279
0 0.507870 0.224913 0.061722 0.089988
0 0.888529 0.661157 0.018728 0.018835
0 0.583107 0.246008 0.032288 0.025282
0 0.934095 0.754971 0.031963 0.021427
0 0.611328 0.581005 0.035396 0.025589
0 0.609298 0.729475 0.024496 0.020320
0 0.463547 0.307431 0.027410 0.033512
0 0.573138 0.513101 0.027258 0.023547
0 0.666599 0.547216 0.023175 0.022435
0 0.760813 0.310908 0.016893 0.016939
0 0.601733 0.058593 0.013668 0.015743
0 0.337191 0.021517 0.031687 0.024943
0 0.409274 0.133328 0.032509 0.025796
0 0.620018 0.021619 0.032832 0.028534
0 0.238099 0.736052 0.020663 0.036048
0 0.028418 0.318838 0.035458 0.030835
0 0.204179 0.861380 0.015193 0.046105
0 0.302742 0.470061 0.074208 0.036131
0 0.089416 0.236699 0.023288 0.023583
0 0.921630 0.000000 0.034533 0.024979
0 0.613897 0.429059 0.032626 0.027812
0 0.250034 0.390104 0.031200 0.022965
0 0.853109 0.164784 0.022922 0.015772
0 0.607340 0.748222 0.014309 0.016052
0 0.293361 0.336772 0.065127 0.040376
0 0.189189 0.526633 0.020904 0.020937
0 0.070920 0.251928 0.032796 0.039165
0 0.732139 0.290747 0.038680 0.046604
0 0.635713 0.536662 0.022715 0.019886
0 0.244393 0.329225 0.032033 0.046872
0 0.901037 0.743260 0.036138 0.035185
0 0.869744 0.675877 0.028994 0.029237
0 0.837573 0.609078 0.033549 0.037593
0 0.598309 0.923114 0.021735 0.020772
0 0.407618 0.306313 0.075430 0.101241
0 0.614059 0.161139 0.025974 0.028579
0 0.053051 0.894676 0.043408 0.047047
0 0.625507 0.874430 0.025582 0.027218
0 0.310349 0.084868 0.028810 0.031050
0 0.497504 0.361844 0.029828 0.023504
0 0.674832 0.472054 0.057203 0.030887
0 0.468538 0.567729 0.074618 0.060618
0 0.054208 0.576429 0.031835 0.046854
0 0.203300 0.186768 0.022930 0.029545
0 0.966715 0.768112 0.020315 0.018991
0 0.426649 0.619048 0.046294 0.031651
0 0.815431 0.780834 0.023155 0.025526
0 0.287534 0.176158 0.020945 0.021973
0 0.440476 0.339415 0.032741 0.034426
0 0.521796 0.069741 0.033651 0.029149
0 0.000000 0.979446 0.033518 0.025370
0 1.000000 0.464689 0.022435 0.025477
0 0.353937 0.396634 0.056233 0.069147
0 0.122934 0.582927 0.026813 0.020026
0 0.410284 0.652483 0.045407 0.037144
0 0.737411 0.481146 0.011692 0.015505
0 0.533383 0.544079 0.022298 0.022135
0 0.783261 0.806033 0.018701 0.015301
0 0.053912 0.512643 0.015960 0.013912
0 0.346684 0.574687 0.034081 0.026490
0 0.169642 0.438819 0.042605 0.028824
0 0.699257 0.553513 0.018896 0.017342
0 0.618439 0.812145 0.033909 0.030254
0 0.474643 0.204201 0.068874 0.085775
0 0.367963 0.271425 0.022872 0.022022
0 0.986300 0.664127 0.026675 0.026988
0 0.565395 0.308710 0.111477 0.098232
0 0.663686 0.421168 0.061343 0.028839
0 0.639100 0.169682 0.019845 0.015953
0 0.333032 0.242466 0.040201 0.023061
0 0.383571 0.412960 0.051351 0.062283
0 0.423342 0.370083 0.026720 0.029110
0 0.980960 0.954377 0.052866 0.052806
0 0.080337 0.663973 0.021498 0.035434
0 0.353785 0.524958 0.052714 0.037572
0 0.625769 0.471246 0.030847 0.026608
0 0.649697 0.076277 0.023722 0.036436
0 0.035628 0.291911 0.041376 0.035641
0 0.687200 0.512832 0.034397 0.020691
0 0.303914 0.369966 0.022510 0.025070
0 0.103059 0.550486 0.069217 0.045413
0 0.976234 0.446801 0.042112 0.038751
0 0.138256 0.722634 0.044361 0.045741
0 0.544805 0.489853 0.024531 0.023992
0 0.725666 0.879437 0.029054 0.026746
0 0.577454 0.567316 0.023274 0.024450
0 0.728333 0.829640 0.015872 0.016257
0 0.234257 0.183093 0.017420 0.019415
0 0.046683 0.267845 0.030690 0.030131
0 0.518242 0.580247 0.028696 0.037037
0 0.059028 0.620709 0.018637 0.033758
0 0.893963 0.905668 0.026702 0.026606
0 0.374063 0.500872 0.023492 0.023199
0 0.848039 0.834152 0.025161 0.028888
0 0.554386 0.555619 0.025248 0.024943
0 0.371807 0.171184 0.026667 0.022436
0 0.228122 0.237338 0.043407 0.024758
0 0.129088 0.372564 0.150220 0.070415
0 0.191709 0.247430 0.024429 0.028779
0 0.632599 0.989974 0.022238 0.023027
0 0.627683 0.298546 0.035470 0.043680
0 0.005152 0.340063 0.048286 0.035871
0 0.125832 0.629962 0.019817 0.032706
0 0.641184 0.510935 0.034712 0.020828
0 0.445578 0.504271 0.021114 0.029942
0 0.277898 0.091178 0.035744 0.033150
0 0.486748 0.633454 0.028233 0.028958
0 0.998459 0.141734 0.027138 0.030128
0 0.494185 0.675578 0.035287 0.052412
0 0.380548 0.247753 0.025224 0.019530
0 0.261503 0.560077 0.124177 0.071724
0 0.366158 0.124981 0.032233 0.022027
0 0.277330 0.242485 0.045209 0.023149
0 0.826174 0.231581 0.025765 0.035940
0 0.408001 0.460678 0.022213 0.023561
0 0.574387 0.484220 0.018773 0.017514
0 0.350001 0.051117 0.022390 0.022142
0 0.639154 0.611209 0.037402 0.036919
0 0.597431 0.042324 0.012511 0.012391
0 0.176839 0.191983 0.024051 0.030303
0 0.089398 0.471434 0.024529 0.010407
0 0.153598 0.206544 0.023192 0.023856
0 0.259828 0.178348 0.021451 0.026553
0 0.594537 0.740073 0.010616 0.012286
0 0.768607 0.696886 0.049874 0.033306