0 0.158811 0.846142 0.023437 0.015075
0 0.064097 0.743364 0.027900 0.035006
0 0.463103 0.621973 0.051571 0.064078
0 0.259327 0.626972 0.067018 0.053781
0 0.485250 0.253181 0.014375 0.073330
0 0.230381 0.737352 0.013711 0.009463
0 0.339685 0.924265 0.117086 0.061683
0 0.069527 0.380034 0.045198 0.046941
0 0.459981 0.699520 0.029046 0.049368
0 0.106626 0.278758 0.033608 0.060880
0 0.444818 0.813704 0.067849 0.054820
0 0.329723 0.424879 0.029723 0.024003
0 0.315140 0.046113 0.030645 0.020040
0 0.735295 0.388788 0.021928 0.013808
0 0.227013 0.414669 0.019625 0.032421
0 1.000000 0.486227 0.055562 0.054930
0 0.188150 0.756247 0.019434 0.024836
0 0.672679 0.026417 0.009212 0.011768
0 0.529670 0.346734 0.024145 0.075715
0 0.613105 0.366388 0.054227 0.057199
0 0.715909 0.511306 0.044539 0.060538
0 0.751249 0.252352 0.031084 0.065453
0 0.128753 0.719045 0.025357 0.020820
0 0.333721 0.510977 0.029723 0.024003
0 0.502548 0.343204 0.021361 0.057968
0 0.935341 0.286247 0.017745 0.019685
0 0.371947 0.588895 0.032320 0.032038
0 0.560726 0.282907 0.046355 0.020972
0 0.242526 0.833476 0.004835 0.005031
0 0.964626 0.419849 0.041156 0.051885
0 0.975308 0.390763 0.025282 0.027461
0 0.703019 0.324069 0.050474 0.043749
0 0.376986 0.774733 0.086212 0.060751
0 0.256362 0.198112 0.035995 0.028328
0 0.319928 0.214246 0.029010 0.022339
0 0.130622 0.561636 0.048654 0.017846
0 0.277126 0.714234 0.006576 0.006576
0 0.736647 0.633781 0.005004 0.004268
0 0.997225 0.273791 0.015379 0.016600
0 0.168436 0.317899 0.058089 0.050937
0 0.469870 0.560214 0.060941 0.045572
0 0.309481 0.739285 0.011166 0.011046
0 0.260661 0.280189 0.036255 0.028975
0 0.556649 0.561145 0.091196 0.068941
0 0.571503 0.330866 0.057149 0.066259
0 0.687309 0.571772 0.048499 0.039759
0 0.201473 0.069612 0.019118 0.032339
0 0.989250 0.998552 0.007101 0.006434
0 0.597195 0.262750 0.045531 0.130954
0 0.690078 0.116436 0.101773 0.091016
0 0.419044 0.099738 0.010072 0.012478
0 0.102511 0.745449 0.011269 0.012715
0 0.090400 0.674794 0.032300 0.015360
0 0.933893 0.369011 0.033838 0.025257
0 0.314700 0.016625 0.030645 0.020040
0 0.965012 0.255205 0.016774 0.024687
0 0.057802 0.574617 0.079484 0.067785
0 0.051318 0.428294 0.027307 0.025416
0 0.245096 0.759471 0.029501 0.023093
0 0.499038 0.917259 0.039821 0.034074
0 0.517894 0.764037 0.042708 0.048239
0 0.151251 0.393941 0.060464 0.048944
0 0.704455 0.449086 0.059094 0.039133
0 0.629173 0.317169 0.005842 0.008855
0 0.606701 0.762940 0.088870 0.089486
0 0.001619 0.137623 0.033252 0.086839
0 0.564377 0.648969 0.054644 0.084238
0 0.000000 0.467098 0.061507 0.041692
0 0.620896 0.169690 0.022166 0.032374
0 0.515331 0.263060 0.020179 0.040594
0 0.205413 0.585175 0.074326 0.052400
0 0.460366 0.892584 0.115136 0.060430
0 0.669319 0.000000 0.089349 0.121266
0 0.665022 0.509826 0.046079 0.088055
0 0.595404 0.171306 0.027672 0.019267
0 0.297005 0.732956 0.016597 0.016652
0 0.211839 0.134108 0.022159 0.085467
0 0.187289 0.796794 0.025508 0.033149
0 0.071748 0.452280 0.008388 0.005756
0 0.158259 0.816681 0.015069 0.017948
0 0.223873 0.347462 0.023297 0.084891
0 0.270487 0.894069 0.063956 0.049809
0 0.092740 0.210145 0.024920 0.063557
0 0.254716 0.502847 0.019624 0.032420
0 0.028959 0.414927 0.030514 0.031225
0 0.541551 0.715480 0.032681 0.035473
0 0.193447 0.439614 0.029843 0.030142
0 0.250725 0.123080 0.042474 0.051840
0 0.482429 0.472715 0.025732 0.056598
0 0.461045 0.760858 0.036640 0.032081
0 0.092546 0.991793 0.033271 0.026195
0 0.005260 0.809292 0.009096 0.015949
0 0.652431 0.360502 0.015785 0.063375
0 0.538792 0.258734 0.019016 0.039547
0 0.456702 0.450745 0.006104 0.006332
0 0.980589 0.470599 0.019858 0.019943
0 0.210629 0.021709 0.019237 0.058495
0 0.124508 0.425607 0.079839 0.065027
0 0.176503 0.723769 0.023880 0.027889
0 0.070630 0.291832 0.036921 0.072522
0 0.635880 0.439696 0.059370 0.074561
0 0.715594 0.338993 0.017917 0.015983
0 0.423615 0.126950 0.022652 0.036456
0 0.606223 0.130824 0.033809 0.049654
0 0.125076 0.982092 0.021624 0.021577
0 0.264505 0.834536 0.009443 0.009405
0 0.326701 0.368089 0.029723 0.024003
0 0.413725 0.697564 0.052757 0.110336
0 0.218535 0.274509 0.029369 0.044198
0 0.937689 0.412833 0.024655 0.025031
0 0.587121 0.829209 0.073748 0.040137
0 0.074475 0.442120 0.029372 0.025491
0 0.103183 0.355249 0.050024 0.052167
0 0.313865 0.651344 0.052593 0.065626
0 0.114803 0.592407 0.017267 0.026416
0 0.503735 0.701429 0.035068 0.034905
0 0.694925 0.271586 0.059790 0.039352
0 0.971298 0.283356 0.019620 0.015016
0 0.514796 0.392594 0.038993 0.026734
0 0.745029 0.339793 0.025064 0.013634
0 0.134282 0.794282 0.036334 0.023023
0 0.715731 0.414808 0.055062 0.028257
0 0.207977 0.968287 0.041343 0.027194
0 0.057292 0.217573 0.030835 0.069508
0 0.316035 0.074810 0.028970 0.022174
0 0.462301 0.660489 0.041315 0.025763
0 0.961902 0.229335 0.016584 0.013082
0 0.318944 0.186422 0.028887 0.021788
0 0.243954 0.811048 0.005627 0.006875
0 0.270124 0.818577 0.008478 0.010861
0 0.527881 0.174088 0.096593 0.031382
0 0.438753 0.435749 0.022081 0.043327
0 0.907456 0.000000 0.082539 0.066308
0 0.260368 0.315692 0.030038 0.023631
0 0.633042 0.498481 0.022980 0.023574
0 0.125302 0.680678 0.029517 0.014848
0 0.229512 0.468398 0.021497 0.057026
0 0.252434 0.414359 0.021972 0.060697
0 0.323090 0.279708 0.029723 0.024004
0 0.522901 0.000000 0.167149 0.188319
0 0.000000 0.493304 0.063298 0.044843
0 0.227714 0.695496 0.035681 0.024410
0 0.333046 0.482398 0.029723 0.024003
0 0.317524 0.130293 0.029354 0.022311
0 0.666183 0.216955 0.034232 0.070811
0 0.741625 0.364179 0.019812 0.019444
0 0.127562 0.533164 0.048654 0.017846
0 0.521942 0.637140 0.055807 0.081160
0 0.071867 0.482832 0.076885 0.045808
0 0.316793 0.102167 0.029711 0.021590
0 0.628556 0.247035 0.047447 0.111046
0 0.317981 0.158185 0.029517 0.022310
0 0.745600 0.319551 0.024288 0.018743
0 0.101118 0.457237 0.030831 0.024132
0 0.215675 0.208504 0.028739 0.043070
0 0.434745 0.226983 0.027051 0.025514
0 0.067860 0.887261 0.026070 0.026869
0 0.692128 0.384431 0.022483 0.015558
0 0.168651 0.000000 0.041949 0.040057
0 0.569250 0.472792 0.123983 0.177261
0 0.324726 0.338078 0.029723 0.024004
0 0.589747 0.184618 0.007465 0.005053
0 0.276856 0.412713 0.022909 0.057285
0 0.313992 0.000000 0.030645 0.020040
0 0.503922 0.294369 0.046355 0.020972
0 0.220179 0.799017 0.034817 0.036250
0 0.327761 0.395940 0.029723 0.024003
0 0.033082 0.316365 0.033736 0.048706
0 0.639396 0.677869 0.090921 0.093469
0 0.697923 0.362510 0.042275 0.017797
0 0.918555 0.348614 0.019559 0.020327
0 0.990881 0.416001 0.026681 0.028466
0 0.015653 0.237929 0.035850 0.102300
0 0.384594 0.341759 0.017423 0.060058
0 0.237211 0.067121 0.020739 0.060326
0 0.061129 0.642793 0.022517 0.016288
0 0.124453 0.744085 0.023492 0.013968
0 0.323476 0.309154 0.029723 0.024004
0 0.530044 0.236175 0.100443 0.073309
0 0.442042 0.185699 0.016676 0.019276
0 0.944721 0.887898 0.021538 0.020819
0 0.331337 0.453666 0.029709 0.024003
0 0.173465 0.362593 0.056851 0.047603
0 0.516735 0.231551 0.037722 0.018500
0 0.364295 0.846046 0.065102 0.081546
0 0.281932 0.502608 0.019624 0.032420
0 0.418987 0.157934 0.008794 0.014500
0 0.995115 0.549381 0.176248 0.145320
0 0.958826 0.452449 0.018897 0.018966
0 0.131829 0.330758 0.041351 0.042046
0 0.543821 0.121731 0.138622 0.095071
0 0.263085 0.066667 0.021096 0.059846
0 0.184701 0.616029 0.050133 0.042778
0 0.937599 0.392244 0.016856 0.015855
0 0.969727 0.461982 0.019352 0.019208
0 0.255740 0.165887 0.030646 0.019118
0 0.158811 0.846142 0.023437 0.015075
0 0.064097 0.743364 0.027900 0.035006
0 0.463103 0.621973 0.051571 0.064078
0 0.259327 0.626972 0.067018 0.053781
0 0.485250 0.253181 0.014375 0.073330
0 0.230381 0.737352 0.013711 0.009463
0 0.339685 0.924265 0.117086 0.061683
0 0.069527 0.380034 0.045198 0.046941
0 0.459981 0.699520 0.029046 0.049368
0 0.106626 0.278758 0.033608 0.060880
0 0.444818 0.813704 0.067849 0.054820
0 0.329723 0.424879 0.029723 0.024003
0 0.315140 0.046113 0.030645 0.020040
0 0.735295 0.388788 0.021928 0.013808
0 0.227013 0.414669 0.019625 0.032421
0 1.000000 0.486227 0.055562 0.054930
0 0.188150 0.756247 0.019434 0.024836
0 0.672679 0.026417 0.009212 0.011768
0 0.529670 0.346734 0.024145 0.075715
0 0.613105 0.366388 0.054227 0.057199
0 0.715909 0.511306 0.044539 0.060538
0 0.751249 0.252352 0.031084 0.065453
0 0.128753 0.719045 0.025357 0.020820
0 0.333721 0.510977 0.029723 0.024003
0 0.502548 0.343204 0.021361 0.057968
0 0.935341 0.286247 0.017745 0.019685
0 0.371947 0.588895 0.032320 0.032038
0 0.560726 0.282907 0.046355 0.020972
0 0.242526 0.833476 0.004835 0.005031
0 0.964626 0.419849 0.041156 0.051885
0 0.975308 0.390763 0.025282 0.027461
0 0.703019 0.324069 0.050474 0.043749
0 0.376986 0.774733 0.086212 0.060751
0 0.256362 0.198112 0.035995 0.028328
0 0.319928 0.214246 0.029010 0.022339
0 0.130622 0.561636 0.048654 0.017846
0 0.277126 0.714234 0.006576 0.006576
0 0.736647 0.633781 0.005004 0.004268
0 0.997225 0.273791 0.015379 0.016600
0 0.168436 0.317899 0.058089 0.050937
0 0.469870 0.560214 0.060941 0.045572
0 0.309481 0.739285 0.011166 0.011046
0 0.260661 0.280189 0.036255 0.028975
0 0.556649 0.561145 0.091196 0.068941
0 0.571503 0.330866 0.057149 0.066259
0 0.687309 0.571772 0.048499 0.039759
0 0.201473 0.069612 0.019118 0.032339
0 0.989250 0.998552 0.007101 0.006434
0 0.597195 0.262750 0.045531 0.130954
0 0.690078 0.116436 0.101773 0.091016
0 0.419044 0.099738 0.010072 0.012478
0 0.102511 0.745449 0.011269 0.012715
0 0.090400 0.674794 0.032300 0.015360
0 0.933893 0.369011 0.033838 0.025257
0 0.314700 0.016625 0.030645 0.020040
0 0.965012 0.255205 0.016774 0.024687
0 0.057802 0.574617 0.079484 0.067785
0 0.051318 0.428294 0.027307 0.025416
0 0.245096 0.759471 0.029501 0.023093
0 0.499038 0.917259 0.039821 0.034074
0 0.517894 0.764037 0.042708 0.048239
0 0.151251 0.393941 0.060464 0.048944
0 0.704455 0.449086 0.059094 0.039133
0 0.629173 0.317169 0.005842 0.008855
0 0.606701 0.762940 0.088870 0.089486
0 0.001619 0.137623 0.033252 0.086839
0 0.564377 0.648969 0.054644 0.084238
0 0.000000 0.467098 0.061507 0.041692
0 0.620896 0.169690 0.022166 0.032374
0 0.515331 0.263060 0.020179 0.040594
0 0.205413 0.585175 0.074326 0.052400
0 0.460366 0.892584 0.115136 0.060430
0 0.669319 0.000000 0.089349 0.121266
0 0.665022 0.509826 0.046079 0.088055
0 0.595404 0.171306 0.027672 0.019267
0 0.297005 0.732956 0.016597 0.016652
0 0.211839 0.134108 0.022159 0.085467
0 0.187289 0.796794 0.025508 0.033149
0 0.071748 0.452280 0.008388 0.005756
0 0.158259 0.816681 0.015069 0.017948
0 0.223873 0.347462 0.023297 0.084891
0 0.270487 0.894069 0.063956 0.049809
0 0.092740 0.210145 0.024920 0.063557
0 0.254716 0.502847 0.019624 0.032420
0 0.028959 0.414927 0.030514 0.031225
0 0.541551 0.715480 0.032681 0.035473
0 0.193447 0.439614 0.029843 0.030142
0 0.250725 0.123080 0.042474 0.051840
0 0.482429 0.472715 0.025732 0.056598
0 0.461045 0.760858 0.036640 0.032081
0 0.092546 0.991793 0.033271 0.026195
0 0.005260 0.809292 0.009096 0.015949
0 0.652431 0.360502 0.015785 0.063375
0 0.538792 0.258734 0.019016 0.039547
0 0.456702 0.450745 0.006104 0.006332
0 0.980589 0.470599 0.019858 0.019943
0 0.210629 0.021709 0.019237 0.058495
0 0.124508 0.425607 0.079839 0.065027
0 0.176503 0.723769 0.023880 0.027889
0 0.070630 0.291832 0.036921 0.072522
0 0.635880 0.439696 0.059370 0.074561
0 0.715594 0.338993 0.017917 0.015983
0 0.423615 0.126950 0.022652 0.036456
0 0.606223 0.130824 0.033809 0.049654
0 0.125076 0.982092 0.021624 0.021577
0 0.264505 0.834536 0.009443 0.009405
0 0.326701 0.368089 0.029723 0.024003
0 0.413725 0.697564 0.052757 0.110336
0 0.218535 0.274509 0.029369 0.044198
0 0.937689 0.412833 0.024655 0.025031
0 0.587121 0.829209 0.073748 0.040137
0 0.074475 0.442120 0.029372 0.025491
0 0.103183 0.355249 0.050024 0.052167
0 0.313865 0.651344 0.052593 0.065626
0 0.114803 0.592407 0.017267 0.026416
0 0.503735 0.701429 0.035068 0.034905
0 0.694925 0.271586 0.059790 0.039352
0 0.971298 0.283356 0.019620 0.015016
0 0.514796 0.392594 0.038993 0.026734
0 0.745029 0.339793 0.025064 0.013634
0 0.134282 0.794282 0.036334 0.023023
0 0.715731 0.414808 0.055062 0.028257
0 0.207977 0.968287 0.041343 0.027194
0 0.057292 0.217573 0.030835 0.069508
0 0.316035 0.074810 0.028970 0.022174
0 0.462301 0.660489 0.041315 0.025763
0 0.961902 0.229335 0.016584 0.013082
0 0.318944 0.186422 0.028887 0.021788
0 0.243954 0.811048 0.005627 0.006875
0 0.270124 0.818577 0.008478 0.010861
0 0.527881 0.174088 0.096593 0.031382
0 0.438753 0.435749 0.022081 0.043327
0 0.907456 0.000000 0.082539 0.066308
0 0.260368 0.315692 0.030038 0.023631
0 0.633042 0.498481 0.022980 0.023574
0 0.125302 0.680678 0.029517 0.014848
0 0.229512 0.468398 0.021497 0.057026
0 0.252434 0.414359 0.021972 0.060697
0 0.323090 0.279708 0.029723 0.024004
0 0.522901 0.000000 0.167149 0.188319
0 0.000000 0.493304 0.063298 0.044843
0 0.227714 0.695496 0.035681 0.024410
0 0.333046 0.482398 0.029723 0.024003
0 0.317524 0.130293 0.029354 0.022311
0 0.666183 0.216955 0.034232 0.070811
0 0.741625 0.364179 0.019812 0.019444
0 0.127562 0.533164 0.048654 0.017846
0 0.521942 0.637140 0.055807 0.081160
0 0.071867 0.482832 0.076885 0.045808
0 0.316793 0.102167 0.029711 0.021590
0 0.628556 0.247035 0.047447 0.111046
0 0.317981 0.158185 0.029517 0.022310
0 0.745600 0.319551 0.024288 0.018743
0 0.101118 0.457237 0.030831 0.024132
0 0.215675 0.208504 0.028739 0.043070
0 0.434745 0.226983 0.027051 0.025514
0 0.067860 0.887261 0.026070 0.026869
0 0.692128 0.384431 0.022483 0.015558
0 0.168651 0.000000 0.041949 0.040057
0 0.569250 0.472792 0.123983 0.177261
0 0.324726 0.338078 0.029723 0.024004
0 0.589747 0.184618 0.007465 0.005053
0 0.276856 0.412713 0.022909 0.057285
0 0.313992 0.000000 0.030645 0.020040
0 0.503922 0.294369 0.046355 0.020972
0 0.220179 0.799017 0.034817 0.036250
0 0.327761 0.395940 0.029723 0.024003
0 0.033082 0.316365 0.033736 0.048706
0 0.639396 0.677869 0.090921 0.093469
0 0.697923 0.362510 0.042275 0.017797
0 0.918555 0.348614 0.019559 0.020327
0 0.990881 0.416001 0.026681 0.028466
0 0.015653 0.237929 0.035850 0.102300
0 0.384594 0.341759 0.017423 0.060058
0 0.237211 0.067121 0.020739 0.060326
0 0.061129 0.642793 0.022517 0.016288
0 0.124453 0.744085 0.023492 0.013968
0 0.323476 0.309154 0.029723 0.024004
0 0.530044 0.236175 0.100443 0.073309
0 0.442042 0.185699 0.016676 0.019276
0 0.944721 0.887898 0.021538 0.020819
0 0.331337 0.453666 0.029709 0.024003
0 0.173465 0.362593 0.056851 0.047603
0 0.516735 0.231551 0.037722 0.018500
0 0.364295 0.846046 0.065102 0.081546
0 0.281932 0.502608 0.019624 0.032420
0 0.418987 0.157934 0.008794 0.014500
0 0.995115 0.549381 0.176248 0.145320
0 0.958826 0.452449 0.018897 0.018966
0 0.131829 0.330758 0.041351 0.042046
0 0.543821 0.121731 0.138622 0.095071
0 0.263085 0.066667 0.021096 0.059846
0 0.184701 0.616029 0.050133 0.042778
0 0.937599 0.392244 0.016856 0.015855
0 0.969727 0.461982 0.019352 0.019208
0 0.255740 0.165887 0.030646 0.019118