0 0.216826 0.376216 0.052375 0.059486
0 0.053641 0.384636 0.030535 0.027980
0 0.711763 0.192767 0.030626 0.029180
0 0.678332 0.013428 0.015616 0.018108
0 0.413958 0.169489 0.033687 0.033920
0 0.766273 0.177380 0.018370 0.020163
0 0.350567 0.420940 0.043898 0.060279
0 0.669230 0.118841 0.031007 0.034647
0 0.036031 0.542957 0.019245 0.024903
0 0.759703 0.106751 0.030241 0.030224
0 0.034014 0.418695 0.031359 0.029000
0 0.477263 0.630562 0.025078 0.018364
0 0.456526 0.125248 0.036574 0.028799
0 0.198055 0.251783 0.123187 0.084222
0 0.484191 0.721247 0.014008 0.013362
0 0.712960 0.680375 0.032664 0.025137
0 0.760951 0.052513 0.018767 0.021322
0 0.343893 0.012307 0.016539 0.021096
0 0.071610 0.652108 0.024090 0.025503
0 0.102545 0.140475 0.032172 0.025704
0 0.706909 0.709960 0.012027 0.009752
0 0.105772 0.598998 0.031508 0.034151
0 0.173835 0.178971 0.017897 0.015111
0 0.351009 0.197410 0.020077 0.020076
0 0.016960 0.551856 0.027169 0.033991
0 0.543397 0.739730 0.026192 0.021870
0 0.350879 0.167597 0.036134 0.045256
0 0.611145 0.355802 0.022377 0.018320
0 0.463081 0.276031 0.027005 0.012805
0 0.073583 0.339226 0.028754 0.024444
0 0.453683 0.228303 0.018638 0.011405
0 0.695286 0.005738 0.018735 0.018676
0 0.103066 0.525733 0.019059 0.020230
0 0.022464 0.456198 0.035162 0.016812
0 0.161330 0.043733 0.014856 0.040033
0 0.833271 0.573713 0.027663 0.009314
0 0.705243 0.269376 0.020806 0.029473
0 0.856212 0.035109 0.029398 0.021965
0 0.169406 0.390086 0.025615 0.025140
0 0.000000 0.606871 0.023140 0.029532
0 0.105851 0.169521 0.037247 0.034835
0 0.472164 0.177670 0.042745 0.041118
0 0.109071 0.100539 0.024757 0.021584
0 0.101415 0.684606 0.028561 0.017665
0 0.290346 0.039253 0.026494 0.024254
0 0.000000 0.515386 0.032664 0.030640
0 0.297336 0.399029 0.030642 0.025949
0 0.448852 0.188467 0.013349 0.013494
0 0.792363 0.132629 0.029516 0.032594
0 0.514986 0.717510 0.032285 0.031433
0 0.959318 0.323515 0.026162 0.021152
0 0.845580 0.257484 0.029713 0.013160
0 0.522603 0.199059 0.022168 0.021698
0 0.387089 0.703012 0.027029 0.026057
0 0.690580 0.154448 0.018039 0.018894
0 0.283318 0.013230 0.021041 0.019770
0 0.085936 0.555142 0.014585 0.023232
0 0.838932 0.000000 0.033237 0.037394
0 0.465046 0.245136 0.022159 0.019933
0 0.826832 0.018460 0.018383 0.018490
0 0.763905 0.680560 0.037576 0.030734