0 0.940291 0.519704 0.032136 0.043060
0 0.441599 0.388968 0.028961 0.033494
0 0.449516 0.621654 0.041728 0.044994
0 0.463899 0.346411 0.014724 0.009268
0 0.630134 0.289288 0.031761 0.028124
0 0.827341 0.061720 0.042358 0.042374
0 0.140527 0.156237 0.015506 0.011606
0 0.730534 0.214662 0.024684 0.031156
0 0.756883 0.787337 0.032696 0.028073
0 0.630348 0.722961 0.021645 0.022545
0 0.994801 0.116106 0.025693 0.024906
0 0.254320 0.208470 0.023522 0.041108
0 0.835773 0.117116 0.015697 0.015715
0 0.064327 0.172193 0.017620 0.018282
0 0.107670 0.199677 0.017684 0.011292
0 0.437869 0.251458 0.018042 0.015740
0 0.862759 0.094155 0.037626 0.037750
0 0.246915 0.193952 0.010873 0.012586
0 0.823522 0.167185 0.012870 0.016975
0 0.538101 0.562941 0.028539 0.027697
0 0.321882 0.361902 0.022916 0.023105
0 0.931858 0.436569 0.031243 0.018321
0 0.000000 0.552709 0.044842 0.038761
0 0.096450 0.238542 0.032618 0.024222
0 0.537787 0.490534 0.014950 0.013125
0 0.133619 0.490016 0.039991 0.049116
0 0.537095 0.940537 0.086165 0.090029
0 0.877198 0.456221 0.024528 0.029392
0 0.063059 0.216834 0.030465 0.025470
0 0.084511 0.178893 0.016688 0.017057
0 0.743629 0.083287 0.023001 0.023867
0 0.415133 0.263355 0.043144 0.033160
0 0.632796 0.574003 0.032665 0.030017
0 0.850496 0.449988 0.036455 0.040647
0 0.034749 0.197470 0.030740 0.025059
0 0.481940 0.988272 0.034809 0.026388
0 0.408341 0.552519 0.028980 0.031233
0 0.820190 0.097276 0.025816 0.033572
0 0.560038 0.457197 0.039829 0.038865