0 0.931437 0.664605 0.028295 0.028252
0 0.560410 0.660441 0.028388 0.023147
0 0.228911 0.991499 0.011569 0.011105
0 0.231096 0.138286 0.119842 0.076626
0 0.322927 0.286324 0.083233 0.081020
0 0.542630 0.165116 0.021796 0.029139
0 0.468701 0.561137 0.033443 0.014441
0 0.720144 0.043078 0.123424 0.116350
0 0.650642 0.594291 0.012484 0.024119
0 0.962753 0.347803 0.074969 0.207692
0 0.554550 0.632903 0.013393 0.011338
0 0.377667 0.743206 0.011191 0.008196
0 0.716337 0.430952 0.049878 0.070603
0 0.043644 0.065542 0.092941 0.093184
0 0.326149 0.610218 0.018262 0.017841
0 0.971514 0.740733 0.021403 0.028712
0 0.464468 0.725610 0.033494 0.032926
0 0.713040 0.703962 0.035845 0.030830
0 0.397262 0.756705 0.029958 0.025632
0 0.683137 0.596034 0.023680 0.020015
0 0.732181 0.474400 0.051731 0.059433
0 0.389034 0.000000 0.079789 0.086494
0 0.517976 0.400298 0.037393 0.025295
0 0.111132 0.310404 0.063714 0.082424
0 0.757082 0.622165 0.016376 0.016310
0 0.400265 0.582262 0.011141 0.014493
0 0.033910 0.539894 0.188824 0.137246
0 0.240396 0.978882 0.022502 0.014665
0 0.682889 0.834756 0.048844 0.022841
0 0.019615 0.151212 0.112990 0.126118
0 0.189809 0.948590 0.009848 0.009960
0 0.916972 0.628784 0.025925 0.022787
0 0.334718 0.689479 0.012757 0.015507
0 0.835113 0.605892 0.015032 0.015164
0 0.475991 0.008133 0.061104 0.067050
0 0.306838 0.567867 0.018611 0.014595
0 0.198507 0.975884 0.006781 0.008612
0 0.000000 0.155826 0.081702 0.075677
0 0.222367 0.023863 0.027356 0.024521
0 0.894336 0.558328 0.035237 0.049584
0 0.737203 0.589216 0.015935 0.016229
0 0.398143 0.644736 0.018843 0.013094
0 0.963562 0.000000 0.054903 0.143313
0 0.309683 0.028147 0.095043 0.068912
0 0.477059 0.123812 0.123867 0.058861
0 0.377708 0.587989 0.017947 0.013568
0 0.548884 0.317718 0.017483 0.017979
0 0.182633 0.940488 0.011846 0.011954
0 0.795861 0.682241 0.036930 0.026682
0 0.718234 0.622120 0.017741 0.024363
0 0.364736 0.616328 0.014696 0.022858
0 1.000000 0.718320 0.020793 0.010133
0 0.182201 0.352501 0.071695 0.078241
0 0.450821 0.573634 0.024090 0.016819