0 0.565969 0.099007 0.021274 0.025250
0 0.627317 0.026003 0.056891 0.031443
0 0.888221 0.100164 0.032347 0.032544
0 0.228720 0.042294 0.017412 0.042709
0 0.529668 0.000000 0.045162 0.179127
0 0.568336 0.000000 0.018470 0.039693
0 0.648996 0.098081 0.021322 0.018932
0 0.848040 0.095881 0.017677 0.020140
0 0.352587 0.085717 0.018028 0.018947
0 0.715150 0.071713 0.038329 0.037446
0 0.911756 0.039879 0.038631 0.041753
0 0.558656 0.048687 0.029769 0.039454
0 0.701484 0.001865 0.038081 0.037157
0 0.451509 0.000000 0.028113 0.053884
0 0.915066 0.112248 0.009214 0.008955
0 0.771323 0.000000 0.038164 0.037942
0 0.469130 0.077628 0.034104 0.077517
0 0.588790 0.114457 0.029543 0.025510
0 0.938300 0.076217 0.033325 0.032315
0 0.565969 0.099007 0.021274 0.025250
0 0.627317 0.026003 0.056891 0.031443
0 0.888221 0.100164 0.032347 0.032544
0 0.228720 0.042294 0.017412 0.042709
0 0.529668 0.000000 0.045162 0.179127
0 0.568336 0.000000 0.018470 0.039693
0 0.648996 0.098081 0.021322 0.018932
0 0.848040 0.095881 0.017677 0.020140
0 0.352587 0.085717 0.018028 0.018947
0 0.715150 0.071713 0.038329 0.037446
0 0.911756 0.039879 0.038631 0.041753
0 0.558656 0.048687 0.029769 0.039454
0 0.701484 0.001865 0.038081 0.037157
0 0.451509 0.000000 0.028113 0.053884
0 0.915066 0.112248 0.009214 0.008955
0 0.771323 0.000000 0.038164 0.037942
0 0.469130 0.077628 0.034104 0.077517
0 0.588790 0.114457 0.029543 0.025510
0 0.938300 0.076217 0.033325 0.032315
0 0.315827 0.437609 0.069900 0.054568
0 0.671701 0.695934 0.184892 0.063879
0 0.190865 0.666418 0.035440 0.072561
0 0.307573 1.000000 0.022838 0.019609
0 0.168228 1.000000 0.041216 0.032047
0 0.065166 0.584687 0.069126 0.061807
0 0.199767 0.944010 0.035040 0.025749
0 0.565969 0.099007 0.021274 0.025250
0 0.283828 0.786237 0.017198 0.031898
0 0.672869 0.989826 0.100945 0.094463
0 0.627317 0.026003 0.056891 0.031443
0 0.934617 0.203447 0.008325 0.006660
0 0.282044 0.678214 0.026506 0.027929
0 0.888221 0.100164 0.032347 0.032544
0 0.128031 0.692530 0.064186 0.074702
0 0.228720 0.042294 0.017412 0.042709
0 0.529668 0.000000 0.045162 0.179127
0 0.231754 0.994926 0.034021 0.025997
0 0.118530 0.413736 0.162194 0.267229
0 0.232098 0.443269 0.031862 0.088853
0 0.060767 0.484715 0.021291 0.012482
0 0.000000 0.045170 0.029467 0.030502
0 0.134540 0.587901 0.061407 0.067091
0 0.392305 0.470794 0.039715 0.029314
0 0.568336 0.000000 0.018470 0.039693
0 0.106006 0.883701 0.027919 0.020408
0 0.540875 0.194455 0.027178 0.026163
0 0.219592 0.969907 0.031043 0.025997
0 0.208090 0.427920 0.012427 0.056559
0 0.424414 0.452533 0.031382 0.017539
0 0.166538 0.987477 0.032770 0.021697
0 0.313643 0.552369 0.031791 0.029334
0 0.000000 0.952997 0.031521 0.022942
0 0.220582 0.883677 0.024455 0.023005
0 0.189682 0.884123 0.020497 0.025234
0 0.154180 0.937535 0.038926 0.016020
0 0.084431 0.505356 0.012481 0.011987
0 0.648996 0.098081 0.021322 0.018932
0 0.109298 0.803310 0.049412 0.060363
0 0.848040 0.095881 0.017677 0.020140
0 0.602748 0.237351 0.014850 0.018652
0 0.352587 0.085717 0.018028 0.018947
0 0.042827 0.794243 0.067692 0.077173
0 0.320662 0.503458 0.061587 0.068841
0 0.162457 0.773250 0.057977 0.077394
0 0.247133 0.943137 0.027445 0.033665
0 0.200402 0.851631 0.018872 0.017526
0 0.465087 0.956214 0.107412 0.112454
0 0.302447 0.958841 0.034937 0.048765
0 0.198305 0.993068 0.008843 0.006281
0 0.251717 0.602354 0.077172 0.089496
0 0.005127 0.619795 0.070317 0.066637
0 0.568950 1.000000 0.062556 0.132194
0 0.420699 0.225443 0.037626 0.039017
0 0.074850 0.726077 0.075704 0.067182
0 0.097215 0.635249 0.068973 0.065906
0 0.833681 0.706270 0.006586 0.008388
0 0.500350 0.246873 0.027049 0.033732
0 0.715150 0.071713 0.038329 0.037446
0 0.122713 0.956554 0.042144 0.028212
0 0.680619 0.834089 0.137929 0.054625
0 0.876684 0.574097 0.076241 0.051585
0 0.184860 0.851824 0.005529 0.006100
0 0.855998 0.119617 0.009206 0.011035
0 0.911756 0.039879 0.038631 0.041753
0 0.558656 0.048687 0.029769 0.039454
0 0.222221 0.929900 0.023459 0.024451
0 0.701484 0.001865 0.038081 0.037157
0 0.738261 0.965551 0.009101 0.031873
0 0.380047 0.508259 0.024567 0.020418
0 0.038398 0.672270 0.069106 0.065206
0 0.451509 0.000000 0.028113 0.053884
0 0.105185 0.544832 0.007818 0.010095
0 0.915066 0.112248 0.009214 0.008955
0 1.000000 0.910383 0.230392 0.246365
0 0.186277 0.923573 0.010484 0.005531
0 0.255327 0.707192 0.016299 0.024040
0 0.182578 0.967135 0.035040 0.025749
0 0.682811 0.765426 0.215711 0.086629
0 0.749394 0.138212 0.012938 0.014693
0 0.256607 0.888269 0.006996 0.007910
0 0.215473 0.572581 0.072377 0.059775
0 0.018312 0.973385 0.023755 0.015174
0 0.442344 0.848032 0.101413 0.111849
0 0.368073 0.439152 0.021611 0.017351
0 0.298225 0.584210 0.020143 0.025823
0 0.786217 0.633539 0.165129 0.082310
0 0.573815 0.267814 0.021709 0.028263
0 0.771323 0.000000 0.038164 0.037942
0 0.282951 0.462613 0.008639 0.019272
0 0.261300 0.463433 0.039987 0.049333
0 0.009624 0.183215 0.024779 0.029124
0 0.001992 0.745307 0.069894 0.066458
0 0.685658 0.902634 0.144051 0.071975
0 0.000000 0.692743 0.075039 0.066087
0 0.965700 0.876005 0.200754 0.241565
0 0.299106 0.903676 0.037982 0.036217
0 0.261737 0.956440 0.032524 0.063563
0 0.016973 0.147126 0.019329 0.026444
0 0.469130 0.077628 0.034104 0.077517
0 0.588790 0.114457 0.029543 0.025510
0 0.200606 0.605614 0.012783 0.011298
0 0.238875 0.922825 0.009870 0.008727
0 0.151567 0.885781 0.041762 0.025731
0 0.938300 0.076217 0.033325 0.032315
0 0.048649 0.456764 0.007097 0.008893
0 0.734801 0.124980 0.018695 0.016047
0 0.315827 0.437609 0.069900 0.054568
0 0.671701 0.695934 0.184892 0.063879
0 0.190865 0.666418 0.035440 0.072561
0 0.307573 1.000000 0.022838 0.019609
0 0.168228 1.000000 0.041216 0.032047
0 0.065166 0.584687 0.069126 0.061807
0 0.199767 0.944010 0.035040 0.025749
0 0.565969 0.099007 0.021274 0.025250
0 0.283828 0.786237 0.017198 0.031898
0 0.672869 0.989826 0.100945 0.094463
0 0.627317 0.026003 0.056891 0.031443
0 0.934617 0.203447 0.008325 0.006660
0 0.282044 0.678214 0.026506 0.027929
0 0.888221 0.100164 0.032347 0.032544
0 0.128031 0.692530 0.064186 0.074702
0 0.228720 0.042294 0.017412 0.042709
0 0.529668 0.000000 0.045162 0.179127
0 0.231754 0.994926 0.034021 0.025997
0 0.118530 0.413736 0.162194 0.267229
0 0.232098 0.443269 0.031862 0.088853
0 0.060767 0.484715 0.021291 0.012482
0 0.000000 0.045170 0.029467 0.030502
0 0.134540 0.587901 0.061407 0.067091
0 0.392305 0.470794 0.039715 0.029314
0 0.568336 0.000000 0.018470 0.039693
0 0.106006 0.883701 0.027919 0.020408
0 0.540875 0.194455 0.027178 0.026163
0 0.219592 0.969907 0.031043 0.025997
0 0.208090 0.427920 0.012427 0.056559
0 0.424414 0.452533 0.031382 0.017539
0 0.166538 0.987477 0.032770 0.021697
0 0.313643 0.552369 0.031791 0.029334
0 0.000000 0.952997 0.031521 0.022942
0 0.220582 0.883677 0.024455 0.023005
0 0.189682 0.884123 0.020497 0.025234
0 0.154180 0.937535 0.038926 0.016020
0 0.084431 0.505356 0.012481 0.011987
0 0.648996 0.098081 0.021322 0.018932
0 0.109298 0.803310 0.049412 0.060363
0 0.848040 0.095881 0.017677 0.020140
0 0.602748 0.237351 0.014850 0.018652
0 0.352587 0.085717 0.018028 0.018947
0 0.042827 0.794243 0.067692 0.077173
0 0.320662 0.503458 0.061587 0.068841
0 0.162457 0.773250 0.057977 0.077394
0 0.247133 0.943137 0.027445 0.033665
0 0.200402 0.851631 0.018872 0.017526
0 0.465087 0.956214 0.107412 0.112454
0 0.302447 0.958841 0.034937 0.048765
0 0.198305 0.993068 0.008843 0.006281
0 0.251717 0.602354 0.077172 0.089496
0 0.005127 0.619795 0.070317 0.066637
0 0.568950 1.000000 0.062556 0.132194
0 0.420699 0.225443 0.037626 0.039017
0 0.074850 0.726077 0.075704 0.067182
0 0.097215 0.635249 0.068973 0.065906
0 0.833681 0.706270 0.006586 0.008388
0 0.500350 0.246873 0.027049 0.033732
0 0.715150 0.071713 0.038329 0.037446
0 0.122713 0.956554 0.042144 0.028212
0 0.680619 0.834089 0.137929 0.054625
0 0.876684 0.574097 0.076241 0.051585
0 0.184860 0.851824 0.005529 0.006100
0 0.855998 0.119617 0.009206 0.011035
0 0.911756 0.039879 0.038631 0.041753
0 0.558656 0.048687 0.029769 0.039454
0 0.222221 0.929900 0.023459 0.024451
0 0.701484 0.001865 0.038081 0.037157
0 0.738261 0.965551 0.009101 0.031873
0 0.380047 0.508259 0.024567 0.020418
0 0.038398 0.672270 0.069106 0.065206
0 0.451509 0.000000 0.028113 0.053884
0 0.105185 0.544832 0.007818 0.010095
0 0.915066 0.112248 0.009214 0.008955
0 1.000000 0.910383 0.230392 0.246365
0 0.186277 0.923573 0.010484 0.005531
0 0.255327 0.707192 0.016299 0.024040
0 0.182578 0.967135 0.035040 0.025749
0 0.682811 0.765426 0.215711 0.086629
0 0.749394 0.138212 0.012938 0.014693
0 0.256607 0.888269 0.006996 0.007910
0 0.215473 0.572581 0.072377 0.059775
0 0.018312 0.973385 0.023755 0.015174
0 0.442344 0.848032 0.101413 0.111849
0 0.368073 0.439152 0.021611 0.017351
0 0.298225 0.584210 0.020143 0.025823
0 0.786217 0.633539 0.165129 0.082310
0 0.573815 0.267814 0.021709 0.028263
0 0.771323 0.000000 0.038164 0.037942
0 0.282951 0.462613 0.008639 0.019272
0 0.261300 0.463433 0.039987 0.049333
0 0.009624 0.183215 0.024779 0.029124
0 0.001992 0.745307 0.069894 0.066458
0 0.685658 0.902634 0.144051 0.071975
0 0.000000 0.692743 0.075039 0.066087
0 0.965700 0.876005 0.200754 0.241565
0 0.299106 0.903676 0.037982 0.036217
0 0.261737 0.956440 0.032524 0.063563
0 0.016973 0.147126 0.019329 0.026444
0 0.469130 0.077628 0.034104 0.077517
0 0.588790 0.114457 0.029543 0.025510
0 0.200606 0.605614 0.012783 0.011298
0 0.238875 0.922825 0.009870 0.008727
0 0.151567 0.885781 0.041762 0.025731
0 0.938300 0.076217 0.033325 0.032315
0 0.048649 0.456764 0.007097 0.008893
0 0.734801 0.124980 0.018695 0.016047